
======== genders =======

                           	smallest ratio   |   largest ratio   |   Average
cnn                        : (0.4947567804985168, 0.7501073444830227, 0.6224320624907698)
roberta-base-unbiased      : (0.4729430058222235, 0.7583332431174286, 0.615638124469826)
roberta-base-unbiased-small: (0.36183704842428877, 0.6669919459947196, 0.5144144972095042)
kaggle_bert                : (0.5068240190472617, 0.7768968925002747, 0.6418604557737682)
my_kaggle_bert             : (0.4812610988894485, 0.8147007306361423, 0.6479809147627954)

======== religions =======

                           	smallest ratio   |   largest ratio   |   Average
cnn                        : (0.43583975652519097, 0.8647654614383528, 0.6503026089817718)
roberta-base-unbiased      : (0.5173602067597618, 0.8307460333778828, 0.6740531200688222)
roberta-base-unbiased-small: (0.36434329065908005, 0.645255474452555, 0.5047993825558176)
kaggle_bert                : (0.4204354730670516, 0.8548256285482564, 0.637630550807654)
my_kaggle_bert             : (0.4486508039139616, 0.7285445697854457, 0.5885976868497036)

======== races =======

                           	smallest ratio   |   largest ratio   |   Average
cnn                        : (0.9838320275385117, 0.9838320275385117, 0.9838320275385117)
roberta-base-unbiased      : (0.9138680690711831, 0.9138680690711831, 0.9138680690711831)
roberta-base-unbiased-small: (0.9755187383917685, 0.9755187383917685, 0.9755187383917685)
kaggle_bert                : (0.97605561777024, 0.97605561777024, 0.97605561777024)
my_kaggle_bert             : (0.9793236611333098, 0.9793236611333098, 0.9793236611333098)

======== illnesses =======

                           	smallest ratio   |   largest ratio   |   Average
cnn                        : (0.4629629629629629, 0.4629629629629629, 0.4629629629629629)
roberta-base-unbiased      : (0.7592592592592593, 0.7592592592592593, 0.7592592592592593)
roberta-base-unbiased-small: (0.6851851851851852, 0.6851851851851852, 0.6851851851851852)
kaggle_bert                : (0.6111111111111112, 0.6111111111111112, 0.6111111111111112)
my_kaggle_bert             : (0.7407407407407407, 0.7407407407407407, 0.7407407407407407)
