
======== genders =======

                           	smallest ratio   |   largest ratio   |   Average
cnn                        : (0.6611570247933882, 0.9225974025974025, 0.7918772136953953)
roberta-base-unbiased      : (0.8102589234664707, 0.9315363881401616, 0.8708976558033161)
roberta-base-unbiased-small: (0.8661654135338344, 0.959975696817802, 0.9130705551758183)
kaggle_bert                : (0.8363963080944213, 0.9717879604672057, 0.9040921342808135)
my_kaggle_bert             : (0.848575508261372, 0.9621540762902019, 0.9053647922757869)

======== religions =======

                           	smallest ratio   |   largest ratio   |   Average
cnn                        : (0.8755364806866953, 0.9623917945733618, 0.9189641376300286)
roberta-base-unbiased      : (0.875036459852494, 0.9894346087949745, 0.9322355343237343)
roberta-base-unbiased-small: (0.8248910675381262, 0.9124331550802138, 0.86866211130917)
kaggle_bert                : (0.9047210300429184, 0.9861146175208281, 0.9454178237818732)
my_kaggle_bert             : (0.9375, 0.9737124463519312, 0.9556062231759657)

======== races =======

                           	smallest ratio   |   largest ratio   |   Average
cnn                        : (0.96448087431694, 0.96448087431694, 0.96448087431694)
roberta-base-unbiased      : (0.9754498949483876, 0.9754498949483876, 0.9754498949483876)
roberta-base-unbiased-small: (0.9539218403547671, 0.9539218403547671, 0.9539218403547671)
kaggle_bert                : (0.9685975609756098, 0.9685975609756098, 0.9685975609756098)
my_kaggle_bert             : (0.9874225227400789, 0.9874225227400789, 0.9874225227400789)

======== illnesses =======

                           	smallest ratio   |   largest ratio   |   Average
cnn                        : (0.4629629629629629, 0.4629629629629629, 0.4629629629629629)
roberta-base-unbiased      : (0.7592592592592593, 0.7592592592592593, 0.7592592592592593)
roberta-base-unbiased-small: (0.6851851851851852, 0.6851851851851852, 0.6851851851851852)
kaggle_bert                : (0.6111111111111112, 0.6111111111111112, 0.6111111111111112)
my_kaggle_bert             : (0.7407407407407407, 0.7407407407407407, 0.7407407407407407)
